0.00000000 0.00000000 0.00000000 0.00000000 0.00000000 0.00000000 0.00000000 1.00000000
31.00000000 0.07917740 -0.08542942 0.01541848 0.01493556 -0.00132857 -0.06038947 0.99806226
40.00000000 0.08803387 -0.15722863 0.00003720 -0.01148670 -0.11305168 -0.03585497 0.99287552
59.00000000 0.17761193 -0.16463460 0.05047662 -0.02277539 -0.07285583 -0.02473201 0.99677562
63.00000000 0.22259675 -0.14160503 0.10301087 -0.05969213 -0.05564762 -0.03510388 0.99604614
69.00000000 0.09062910 -0.16246080 0.22905322 -0.17426619 0.10184743 0.06894918 0.97698741
71.00000000 0.04679890 -0.14841706 0.25136048 -0.23441874 0.21568802 0.15845712 0.93456828
74.00000000 0.00112805 -0.19707183 0.30898034 -0.21343372 0.22446619 0.08620869 0.94690498
76.00000000 -0.01508792 -0.24106406 0.38031433 -0.21248642 0.18887348 0.06333824 0.95664236
76.00000000 -0.01508792 -0.24106406 0.38031433 -0.21248642 0.18887348 0.06333824 0.95664236
78.00000000 -0.04740241 -0.25420402 0.45837102 -0.27331894 0.12536901 0.05146237 0.95232925
81.00000000 -0.08904686 -0.25840961 0.56303009 -0.27821074 0.17808002 0.01826120 0.94369106
86.00000000 -0.17084057 -0.22805304 0.72542385 -0.29804775 0.29225852 0.02446061 0.90837997
93.00000000 -0.24763601 -0.20631109 0.79352278 -0.28888459 0.45217220 0.10614826 0.83714905
95.00000000 -0.30919342 -0.19613808 0.76484390 -0.29901842 0.52270960 0.12446341 0.78858831
99.00000000 -0.42589322 -0.14882941 0.76968895 -0.32132089 0.50945024 0.11620625 0.78975277
105.00000000 -0.49064824 -0.14283449 0.92999930 -0.20628473 0.71184310 0.18698873 0.64479549
108.00000000 -0.48225643 -0.19092532 0.93611494 -0.14525804 0.78125221 0.15261553 0.58758283
108.00000000 -0.48225643 -0.19092532 0.93611494 -0.14525804 0.78125221 0.15261553 0.58758283
111.00000000 -0.47853787 -0.23136870 0.91262805 -0.10954646 0.82754819 0.14459312 0.53127808
124.00000000 -0.30081267 -0.15471578 0.68262976 -0.19775658 0.80251255 0.18465470 0.53175989
128.00000000 -0.20310406 -0.16246033 0.60023426 -0.17614525 0.83155182 0.18745952 0.49229397
132.00000000 -0.14686697 -0.18379799 0.47586899 -0.17422272 0.82438439 0.15842337 0.51472212
135.00000000 -0.09624708 -0.21137089 0.38108021 -0.17033439 0.78081373 0.12184756 0.58861642
148.00000000 -0.00354803 -0.23866102 0.20330526 -0.13521645 0.72428082 0.11980444 0.66541769
151.00000000 -0.01521821 -0.27980872 0.23162825 -0.12695143 0.70739019 0.08479312 0.69013954
163.00000000 -0.08573358 -0.36951961 0.25500186 -0.11415483 0.72925565 0.03193051 0.67389563
163.00000000 -0.08573358 -0.36951961 0.25500186 -0.11415483 0.72925565 0.03193051 0.67389563
170.00000000 -0.10540111 -0.33231994 0.27515850 -0.15549358 0.75092894 0.08831563 0.63571049
183.00000000 -0.12771600 -0.36465843 0.25738996 -0.15586300 0.66297039 0.04880149 0.73061303
188.00000000 0.04129767 -0.36682772 0.34433657 -0.13821262 0.66738060 0.06213190 0.72913650
193.00000000 0.09477424 -0.36813444 0.37774373 -0.16008740 0.62316316 0.07876551 0.76146943
202.00000000 0.17433408 -0.33088493 0.30195191 -0.16918684 0.60834126 0.09110203 0.77006308
204.00000000 0.17121924 -0.32866161 0.27270867 -0.16435522 0.65906795 0.09954371 0.72712300
207.00000000 0.17478762 -0.32609626 0.23844469 -0.15982213 0.68911305 0.10395560 0.69912326
211.00000000 0.19796154 -0.32029706 0.19566673 -0.15237571 0.72125483 0.11081895 0.66655253
211.00000000 0.19796154 -0.32029706 0.19566673 -0.15237571 0.72125483 0.11081895 0.66655253
215.00000000 0.20413216 -0.31210796 0.16638455 -0.14156147 0.77123971 0.13385934 0.60599615
217.00000000 0.17783021 -0.29873962 0.15646587 -0.12169617 0.84367885 0.18660593 0.48844065
221.00000000 0.12726988 -0.26525796 0.17101607 -0.12753315 0.84493722 0.22100614 0.47007731
226.00000000 0.18040534 -0.23623084 0.08029649 -0.12876352 0.87348520 0.26162543 0.38986625
227.00000000 0.18049444 -0.23387578 0.04725147 -0.09690871 0.91232753 0.26436886 0.29728149
229.00000000 0.17719196 -0.23518009 0.00929922 -0.06701048 0.94112336 0.28664809 0.16622062
231.00000000 0.16850325 -0.24058012 0.00142233 -0.04404211 0.94850513 0.31096010 0.04125677
233.00000000 0.15312260 -0.24373688 -0.00139198 -0.01856036 0.94135792 0.33232577 -0.05532048
233.00000000 0.15312260 -0.24373688 -0.00139198 -0.01856036 0.94135792 0.33232577 -0.05532048
237.00000000 0.13622827 -0.21883587 -0.03008552 0.09411343 0.88612099 0.38172845 -0.24538875
239.00000000 0.13018421 -0.20092976 -0.03464420 0.17302733 0.82532686 0.39408830 -0.36550174
241.00000000 0.10752648 -0.20744484 -0.02368781 0.19598779 0.77770713 0.36217417 -0.47496345
244.00000000 0.08382110 -0.23065304 -0.00834352 0.18695795 0.75416231 0.31899243 -0.54270596
248.00000000 0.05544916 -0.24233646 -0.04041427 0.15865338 0.80200175 0.30853250 -0.48624068
251.00000000 0.06093605 -0.25754379 -0.08304084 0.11827440 0.84776620 0.28322097 -0.43253845
253.00000000 0.06784832 -0.27324241 -0.12963391 0.09934749 0.87634223 0.26213515 -0.39171358
259.00000000 0.05105754 -0.26962622 -0.11682525 0.11601258 0.81239221 0.27973152 -0.49830739
259.00000000 0.05105754 -0.26962622 -0.11682525 0.11601258 0.81239221 0.27973152 -0.49830739
262.00000000 0.04594398 -0.25512837 -0.04596287 0.14506525 0.78804342 0.31307363 -0.50983187
268.00000000 0.04119811 -0.25311909 0.08839536 0.12920779 0.80664696 0.32318141 -0.47768169
275.00000000 0.09688621 -0.23507010 0.04158575 -0.27592934 -0.62775737 -0.25525565 0.68163644
281.00000000 0.01922941 -0.23510361 0.13711855 0.21699093 0.68554827 0.30010271 -0.62679891
286.00000000 -0.04894814 -0.21949327 0.22068408 0.18663082 0.75132736 0.37562640 -0.50949086
292.00000000 -0.12615412 -0.19005175 0.27501524 0.07358094 0.82506462 0.44309003 -0.34281984
296.00000000 -0.21284062 -0.18404777 0.31330347 -0.01666706 0.87215056 0.44956371 -0.19227084
306.00000000 -0.32082191 -0.13943536 0.23527070 -0.03290462 0.89276948 0.44719458 -0.04355394
306.00000000 -0.32082191 -0.13943536 0.23527070 -0.03290462 0.89276948 0.44719458 -0.04355394
311.00000000 -0.35361224 -0.13320080 0.22356190 -0.12271725 0.88899678 0.42702760 0.11078192
317.00000000 -0.41366093 -0.16050997 0.20438824 -0.16884350 0.88350488 0.41026076 0.15032337
321.00000000 -0.44718369 -0.17855360 0.15970380 -0.19253328 0.87697986 0.36129465 0.25160175
324.00000000 -0.48686871 -0.21386912 0.14945593 -0.26842035 0.82447546 0.29172676 0.40383935
327.00000000 -0.50684939 -0.27567425 0.14534337 -0.28499730 0.77703611 0.24054542 0.50707921
329.00000000 -0.50116107 -0.31688009 0.12750168 -0.28746190 0.76847180 0.17344139 0.54473372
332.00000000 -0.49137546 -0.35354115 0.10227673 -0.26899859 0.74650114 0.11197157 0.59819576
335.00000000 -0.49519524 -0.37557538 0.08014241 -0.23075269 0.70012046 0.04984234 0.67386963
335.00000000 -0.49519524 -0.37557538 0.08014241 -0.23075269 0.70012046 0.04984234 0.67386963
338.00000000 -0.51047338 -0.39111145 0.05964221 -0.18366929 0.64362005 -0.00231132 0.74297610
342.00000000 -0.54120969 -0.36845138 0.01593187 -0.17654998 0.63271076 0.09842307 0.74754271
346.00000000 -0.50763602 -0.40220368 0.02110211 -0.14967308 0.64314706 -0.00168424 0.75097070
348.00000000 -0.46394682 -0.44247174 0.05640197 -0.11167684 0.62420334 -0.09673443 0.76716421
352.00000000 -0.34753922 -0.48405621 0.21939466 -0.06454116 0.59947037 -0.02784229 0.79730454
354.00000000 -0.29430301 -0.51151640 0.28181844 -0.05656240 0.54593545 -0.01292067 0.83581591
361.00000000 -0.06127826 -0.54077809 0.31528093 -0.09120403 0.60458780 0.00502895 0.79128385
365.00000000 0.03766489 -0.55466812 0.26978860 -0.09868022 0.59701490 -0.01744117 0.79594675
365.00000000 0.03766489 -0.55466812 0.26978860 -0.09868022 0.59701490 -0.01744117 0.79594675
367.00000000 0.05641179 -0.55764901 0.23920739 -0.10444648 0.63723222 -0.03334375 0.76283303
373.00000000 0.09418544 -0.55117042 0.16779340 -0.09484527 0.63220274 -0.06701864 0.76604998
378.00000000 0.07933683 -0.55146086 0.13248836 -0.03468290 0.67906885 -0.12736925 0.72210779
380.00000000 0.01834664 -0.56190440 0.13992521 -0.06476877 0.76656685 -0.16125299 0.61820525
382.00000000 -0.04242592 -0.55380373 0.14181724 -0.08285709 0.82442157 -0.12491469 0.54576561
384.00000000 -0.08806168 -0.54446367 0.17846378 -0.05947778 0.78168205 -0.09602417 0.61336362
387.00000000 -0.19333467 -0.52673748 0.24950302 -0.06376186 0.73519530 -0.08006556 0.67008343
394.00000000 -0.37654048 -0.43767489 0.33368511 -0.03126572 0.78079438 -0.02496777 0.62350557
394.00000000 -0.37654048 -0.43767489 0.33368511 -0.03126572 0.78079438 -0.02496777 0.62350557
397.00000000 -0.47826182 -0.39003081 0.35272000 -0.05547341 0.78431358 0.08637961 0.61181163
400.00000000 -0.54335120 -0.36588031 0.36157626 -0.03916600 0.84020597 0.11976886 0.52742333
401.00000000 -0.55982138 -0.35746481 0.36091962 -0.03146447 0.87425838 0.14407872 0.46251874
402.00000000 -0.57341103 -0.34804672 0.35744126 -0.02957757 0.90345708 0.15954484 0.39678196
404.00000000 -0.60630813 -0.33558453 0.34862122 -0.02385699 0.93393787 0.19457486 0.29888380
407.00000000 -0.63473640 -0.32972684 0.32858582 -0.01052889 0.96798780 0.17625949 0.17838543
409.00000000 -0.64790288 -0.32782004 0.31383836 -0.00143485 0.98435332 0.16997645 0.04641651
411.00000000 -0.65619079 -0.33364758 0.28088159 0.01124692 0.98539084 0.15756584 -0.06365071
411.00000000 -0.65653139 -0.33423070 0.28113223 0.01148962 0.98543845 0.15736579 -0.06336454
413.00000000 -0.65818727 -0.33121834 0.26032339 0.03215451 0.96456371 0.18217781 -0.18813342
418.00000000 -0.64187199 -0.33399030 0.19890008 0.04311174 0.94625925 0.18249692 -0.26349514
427.00000000 -0.56522374 -0.36720950 -0.08030051 0.09857465 0.91646008 0.26568816 -0.28247788
429.00000000 -0.51673155 -0.37147285 -0.15283660 0.07121518 0.94493579 0.26078191 -0.18443849
431.00000000 -0.46138166 -0.37627996 -0.21693659 0.06266732 0.94729751 0.28414359 -0.13402480
435.00000000 -0.41015916 -0.36130491 -0.25532415 0.03288651 0.94070837 0.32718322 -0.08329093
440.00000000 -0.43874186 -0.33331456 -0.18215055 0.00765142 0.95282739 0.30116816 0.03686685
442.00000000 -0.45669594 -0.28070011 -0.15741672 -0.05546967 0.93161179 0.33200022 0.13710743
442.00000000 -0.45683554 -0.28093838 -0.15731262 -0.05530436 0.93154404 0.33200077 0.13763218
445.00000000 -0.44067625 -0.24624351 -0.18643480 -0.10812419 0.91719003 0.28696856 0.25440253
450.00000000 -0.37716545 -0.16809724 -0.30690776 -0.13401619 0.87727196 0.36596247 0.28018749
462.00000000 -0.49743302 -0.22548025 -0.10282560 -0.14270498 0.87581715 0.34408855 0.30689195
467.00000000 -0.54721107 -0.22563579 0.09130113 -0.04917505 0.91889205 0.35177540 0.17167785
471.00000000 -0.58056909 -0.25620406 0.23946330 -0.03339383 0.95672587 0.27317268 0.09453653
476.00000000 -0.59270695 -0.27362427 0.37046787 0.00985934 0.96408291 0.25800078 -0.06230989
478.00000000 -0.58568792 -0.27509222 0.40824174 0.03863296 0.94512106 0.25781511 -0.19693919
480.00000000 -0.57473658 -0.27972998 0.43943189 0.06249498 0.91381268 0.26505120 -0.30131151
480.00000000 -0.57473658 -0.27972998 0.43943189 0.06249498 0.91381268 0.26505120 -0.30131151
483.00000000 -0.59729762 -0.28471556 0.45676279 0.07830417 0.87696409 0.24942052 -0.40322679
492.00000000 -0.78797159 -0.23758881 0.30476054 0.15188789 0.79570713 0.28152333 -0.51431980
503.00000000 -0.91287887 -0.24306194 0.22809222 0.20069522 0.70202847 0.25001508 -0.63590086
506.00000000 -0.91191811 -0.26933027 0.22427103 -0.19173634 -0.64591061 -0.19884048 0.71168752
510.00000000 -0.94251985 -0.29813370 0.28450521 -0.13983019 -0.67357274 -0.16403051 0.70699454
524.00000000 -1.09660312 -0.27991630 0.54705758 0.07828307 0.87842850 0.21182791 -0.42114613
531.00000000 -1.23001752 -0.29535488 0.49974325 0.12468547 0.89043807 0.29286123 -0.32527816
539.00000000 -1.26182914 -0.26302239 0.46571390 0.17725234 0.83206430 0.35342894 -0.38902261
539.00000000 -1.26182914 -0.26302239 0.46571390 0.17725234 0.83206430 0.35342894 -0.38902261
542.00000000 -1.21640506 -0.25744306 0.52283155 0.17861479 0.82309126 0.32588819 -0.42943500
545.00000000 -1.16823297 -0.24430271 0.58559353 0.18700197 0.82099704 0.32835148 -0.42799467
551.00000000 -1.15854554 -0.26115894 0.65308597 0.15995479 0.81761982 0.29408783 -0.46842784
558.00000000 -1.10307169 -0.20721514 0.60430307 0.12653641 0.82988977 0.31750019 -0.44098202
562.00000000 -1.05920312 -0.14669562 0.51057457 0.19847878 0.75479266 0.23988752 -0.57736313
565.00000000 -1.05413816 -0.10126683 0.46521692 0.23706628 0.71089765 0.22093098 -0.62419037
567.00000000 -1.03983017 -0.05832182 0.46580535 0.23916608 0.69579235 0.23889193 -0.63372174
570.00000000 -1.03061468 -0.00664207 0.46295878 0.21844992 0.72351640 0.24242591 -0.60830365
570.00000000 -1.03061468 -0.00664207 0.46295878 0.21844992 0.72351640 0.24242591 -0.60830365
575.00000000 -1.03399606 -0.07215603 0.49877623 0.16395409 0.73190249 0.22055116 -0.62353427
577.00000000 -1.04435626 -0.14187687 0.52844641 0.17161480 0.72615037 0.22986865 -0.62483151
583.00000000 -1.18829843 -0.21154857 0.55451386 0.13194826 0.79084559 0.32755999 -0.49985735
586.00000000 -1.24980760 -0.22605146 0.56769460 0.14530201 0.81469683 0.31234965 -0.46646983
589.00000000 -1.26363250 -0.22299107 0.60672699 0.16337552 0.78631508 0.29274555 -0.51895769
591.00000000 -1.25995002 -0.22863810 0.64207827 0.16536362 0.75532985 0.26436390 -0.57640560
593.00000000 -1.25376716 -0.23501318 0.67366936 0.18176425 0.70279853 0.24696375 -0.64190723
596.00000000 -1.22905001 -0.24243457 0.69722984 -0.19812029 -0.62742054 -0.23232413 0.71632207
596.00000000 -1.22905001 -0.24243457 0.69722984 -0.19812029 -0.62742054 -0.23232413 0.71632207
599.00000000 -1.19649467 -0.24381346 0.70538086 -0.22379029 -0.54568604 -0.21218604 0.77918017
602.00000000 -1.15931248 -0.24896679 0.71005387 -0.22653101 -0.46722925 -0.17560329 0.83638748
606.00000000 -1.14026399 -0.23553794 0.74315851 -0.24223635 -0.40372737 -0.16654921 0.86636431
613.00000000 -1.25985688 -0.19426531 0.76657199 -0.26911348 -0.36623443 -0.13233137 0.88087382
626.00000000 -1.22813584 -0.15651956 0.77295882 -0.29733170 -0.37825387 -0.12041629 0.86834198
630.00000000 -1.17160466 -0.14301304 0.77120985 -0.29422749 -0.37793156 -0.12028579 0.86955693
635.00000000 -1.18770999 -0.07565341 0.80627179 -0.32492343 -0.33634567 -0.08376061 0.87993211
648.00000000 -1.12027259 -0.11136258 0.78160900 -0.35156921 -0.34319644 -0.08872909 0.86645395
648.00000000 -1.12027259 -0.11136258 0.78160900 -0.35156921 -0.34319644 -0.08872909 0.86645395
654.00000000 -0.98290469 -0.16181570 0.67376956 -0.30468472 -0.25127950 -0.05692792 0.91694332
657.00000000 -0.94271330 -0.18697009 0.63817295 -0.30248118 -0.12567861 -0.02755459 0.94443145
659.00000000 -0.91834681 -0.20103532 0.61603843 -0.31171102 -0.03872619 -0.01555901 0.94925994
661.00000000 -0.88771960 -0.20638814 0.59632030 -0.32322330 0.04972774 -0.00263240 0.94501160
664.00000000 -0.84701354 -0.20675925 0.57910020 -0.32983616 0.16091052 0.01283972 0.93013497
667.00000000 -0.79776667 -0.21725845 0.59006691 -0.30247652 0.28441255 0.01530954 0.90960600
671.00000000 -0.74765738 -0.23741939 0.63835742 -0.26320439 0.31967971 -0.01568091 0.91010024
674.00000000 -0.71309638 -0.25051122 0.69819556 -0.22669987 0.29352536 -0.02426951 0.92836470
674.00000000 -0.71309638 -0.25051122 0.69819556 -0.22669987 0.29352536 -0.02426951 0.92836470
677.00000000 -0.67323106 -0.26097361 0.80267158 -0.20649468 0.21815502 -0.03240291 0.95326722
680.00000000 -0.63518546 -0.25996738 0.89907312 -0.20659577 0.14139107 -0.06229907 0.96614987
682.00000000 -0.60110514 -0.26133430 0.97159397 -0.17606498 0.08714675 -0.08017664 0.97722990
684.00000000 -0.58170034 -0.26831105 1.04394767 -0.14357315 0.01753724 -0.04944933 0.98824792
690.00000000 -0.56481377 -0.28034981 1.17903040 -0.15177389 0.01146744 -0.08581441 0.98461621
696.00000000 -0.53899832 -0.28527030 1.25483587 -0.18744607 0.03346604 -0.04164242 0.98082104
698.00000000 -0.51829448 -0.28303656 1.25961821 -0.20266275 0.10619109 -0.03405577 0.97287793
704.00000000 -0.50699411 -0.29059867 1.29653100 -0.21866351 0.17952416 -0.01071578 0.95908421
704.00000000 -0.50699411 -0.29059867 1.29653100 -0.21866351 0.17952416 -0.01071578 0.95908421
710.00000000 -0.48289114 -0.29247888 1.32904251 -0.26795899 0.20183486 -0.00198783 0.94204921
714.00000000 -0.50380714 -0.27065795 1.25484412 -0.17661710 0.26543893 -0.01840146 0.94763388
718.00000000 -0.52158550 -0.23954041 1.13682320 -0.18048048 0.25896713 -0.02429339 0.94856347
722.00000000 -0.56696012 -0.22695976 1.03399801 -0.21930016 0.24086500 -0.02086510 0.94522809
728.00000000 -0.59337842 -0.22960578 0.89414624 -0.21391121 0.13455979 -0.06755396 0.96517984
731.00000000 -0.62380700 -0.23181772 0.80244508 -0.24321764 0.08715663 -0.06389478 0.96393276
733.00000000 -0.65900957 -0.23652697 0.77480980 -0.23790725 0.04998910 -0.06904200 0.96754040
735.00000000 -0.71667272 -0.23403193 0.77016399 -0.24407750 -0.01155211 -0.06267006 0.96765964
735.00000000 -0.71667272 -0.23403193 0.77016399 -0.24407750 -0.01155211 -0.06267006 0.96765964
737.00000000 -0.75662299 -0.22893758 0.78281063 -0.24271629 -0.08302082 -0.07675370 0.96348597
740.00000000 -0.79453652 -0.21977265 0.84233335 -0.22484891 -0.17250137 -0.10031376 0.95374179
743.00000000 -0.83237314 -0.21883355 0.91464007 -0.20036715 -0.25789290 -0.11107719 0.93861926
751.00000000 -0.96020679 -0.20698733 1.13552668 -0.19090199 -0.35879140 -0.11473215 0.90645557
754.00000000 -1.00494783 -0.20237489 1.20875013 -0.18281145 -0.50011633 -0.16224282 0.83074719
757.00000000 -1.06374214 -0.19708008 1.26839163 -0.14720260 -0.62751257 -0.20238158 0.73729306
760.00000000 -1.12373751 -0.20050874 1.31362902 0.12255677 0.75074405 0.25521090 -0.59685057
762.00000000 -1.16262687 -0.19444286 1.34029124 0.07210362 0.83030752 0.26241025 -0.48634489
762.00000000 -1.16262687 -0.19444286 1.34029124 0.07210362 0.83030752 0.26241025 -0.48634489
764.00000000 -1.19092304 -0.18756223 1.38924469 -0.00543240 0.90461333 0.24819144 -0.34647687
766.00000000 -1.21280829 -0.18887968 1.43400208 -0.02263866 0.94147781 0.24438758 -0.23104489
769.00000000 -1.22596144 -0.18573051 1.49093497 -0.03753317 0.96982140 0.20510771 -0.12636668
781.00000000 -1.35500735 -0.19262488 1.65852667 0.01614745 0.97202508 0.16337259 -0.16797591
786.00000000 -1.41188978 -0.18997634 1.56687162 0.03485077 0.93990306 0.15032493 -0.30458179
798.00000000 -1.53684251 -0.03032013 1.29694585 0.06026401 0.90490352 0.15846960 -0.39039115
801.00000000 -1.55081513 0.04648956 1.27295097 0.07538734 0.89091868 0.15323407 -0.42083248
807.00000000 -1.56987312 0.09922097 1.25193036 0.06129626 0.88852783 0.14269242 -0.43174059
807.00000000 -1.56987312 0.09922097 1.25193036 0.06129626 0.88852783 0.14269242 -0.43174059
813.00000000 -1.56186676 0.06590391 1.22972751 0.09395240 0.83871051 0.13919696 -0.51803652
815.00000000 -1.55638599 0.02564825 1.21988404 0.07802127 0.87052068 0.13785924 -0.46594127
816.00000000 -1.55749648 0.00309278 1.21448957 0.07060608 0.89179525 0.14737054 -0.42189802
819.00000000 -1.56569537 -0.06090403 1.21091201 0.08487220 0.89557325 0.20022143 -0.38814512
823.00000000 -1.59257550 -0.13085396 1.22041757 0.10532524 0.88946492 0.21281963 -0.39046967
825.00000000 -1.61006108 -0.14839231 1.23958082 0.10798161 0.87378905 0.20906911 -0.42558521
828.00000000 -1.63188582 -0.17420565 1.27740707 0.11433900 0.84194172 0.21632163 -0.48090091
830.00000000 -1.64390285 -0.17977221 1.29086930 0.12920514 0.80438102 0.20953120 -0.54071609
830.00000000 -1.64390285 -0.17977221 1.29086930 0.12920514 0.80438102 0.20953120 -0.54071609
841.00000000 -1.69457078 -0.17733268 1.34813054 0.09230381 0.85261674 0.19299228 -0.47673754
847.00000000 -1.77671260 -0.18022362 1.33487921 0.09573884 0.87140405 0.18619912 -0.44364282
857.00000000 -1.73548942 -0.17467349 1.40136387 0.08483088 0.86071457 0.18036468 -0.46844715
860.00000000 -1.70805700 -0.17368562 1.43542037 0.09168870 0.81615671 0.18943930 -0.53813953
865.00000000 -1.73746289 -0.17967655 1.44496598 0.11731042 0.76196280 0.16942624 -0.61395904
887.00000000 -1.89963697 -0.17406070 1.48767294 0.27501876 0.72374364 0.33884299 -0.53455145
892.00000000 -1.88972851 -0.18264940 1.44609709 0.27512894 0.73431012 0.38390443 -0.48755523
895.00000000 -1.87426459 -0.18496323 1.41808892 0.20439487 0.78404910 0.34000267 -0.47737609
895.00000000 -1.87426459 -0.18496323 1.41808892 0.20439487 0.78404910 0.34000267 -0.47737609
898.00000000 -1.87131879 -0.18147298 1.40639431 0.15644506 0.78815203 0.23556095 -0.54667390
900.00000000 -1.86903354 -0.17095693 1.41472397 0.15859260 0.70554571 0.18951248 -0.66418270
902.00000000 -1.86585483 -0.16857387 1.42919658 -0.13244723 -0.66700362 -0.13586468 0.72048920
906.00000000 -1.86116307 -0.19911380 1.45042819 -0.11961286 -0.66984460 -0.09754977 0.72628164
912.00000000 -1.86794190 -0.20890186 1.50308610 0.14413127 0.79066442 0.12597409 -0.58155523
916.00000000 -1.88733381 -0.22310848 1.55213592 0.14368399 0.79293851 0.14443657 -0.57423123
919.00000000 -1.88895052 -0.22076756 1.57613481 0.15019427 0.74962974 0.11834794 -0.63363294
922.00000000 -1.87453573 -0.21166886 1.56180279 -0.13945446 -0.66188085 -0.08252164 0.73188549
922.00000000 -1.87453573 -0.21166886 1.56180279 -0.13945446 -0.66188085 -0.08252164 0.73188549
927.00000000 -1.81884021 -0.19822701 1.49695502 -0.15332570 -0.47686836 -0.06347903 0.86316755
932.00000000 -1.77970541 -0.17845580 1.46336458 -0.16831836 -0.38769366 -0.08297581 0.90248411
935.00000000 -1.78311830 -0.15366997 1.47438380 -0.18741901 -0.30680075 -0.07590158 0.93004643
939.00000000 -1.81343323 -0.12272476 1.49518323 -0.26079088 -0.24031962 -0.07616025 0.93189818
942.00000000 -1.82647818 -0.08604684 1.50463182 -0.33247032 -0.22130955 -0.09216163 0.91213585
946.00000000 -1.83373534 -0.04868869 1.51648797 -0.39358010 -0.16811657 -0.09848405 0.89840549
949.00000000 -1.81796167 -0.02324418 1.49945011 -0.41633562 -0.08932533 -0.06131997 0.90273224
955.00000000 -1.83959055 -0.01572319 1.51491552 -0.37408175 -0.20970582 -0.09385768 0.89848598
955.00000000 -1.83974233 -0.01583985 1.51499950 -0.37405218 -0.20937660 -0.09384316 0.89857658
958.00000000 -1.85682915 -0.04343958 1.52683550 -0.31244301 -0.25499937 -0.08936857 0.91069641
960.00000000 -1.86108059 -0.07116941 1.53759933 -0.26292731 -0.25722937 -0.08510983 0.92599060
962.00000000 -1.85743927 -0.09494984 1.54063134 -0.21717617 -0.25826269 -0.08292179 0.93768805
968.00000000 -1.82675433 -0.14920576 1.51226006 -0.19739498 -0.26479373 -0.08694715 0.93987217
972.00000000 -1.82215578 -0.20102044 1.51085882 -0.16693350 -0.27324081 -0.08482539 0.94354508
976.00000000 -1.82808919 -0.24431600 1.52358553 -0.17341063 -0.27966133 -0.08497677 0.94047714
981.00000000 -1.83235266 -0.28801049 1.53799280 -0.16695461 -0.27815815 -0.09102493 0.94152465
989.00000000 -1.83203735 -0.34420617 1.55866908 -0.23368900 -0.22790796 -0.10290338 0.93960540
989.00000000 -1.83242604 -0.34449632 1.55888591 -0.23373791 -0.22755295 -0.10288848 0.93968091
998.00000000 -1.80785754 -0.32598615 1.52876858 -0.16448107 -0.32212999 -0.03429622 0.93166626
1002.00000000 -1.72816378 -0.29782860 1.48942387 -0.18434180 -0.37815719 -0.07991562 0.90367513
1007.00000000 -1.64868482 -0.27251403 1.48628099 -0.22851048 -0.49036396 -0.10715255 0.83417293
1011.00000000 -1.57084491 -0.25950403 1.49495187 -0.21879478 -0.59376583 -0.14378440 0.76085283
1015.00000000 -1.44911706 -0.24680989 1.50682492 -0.22001510 -0.63857322 -0.20005813 0.70978471
1021.00000000 -1.32419971 -0.22129214 1.49373348 -0.21683870 -0.56226755 -0.14796390 0.78418293
1023.00000000 -1.30089999 -0.21670779 1.50539183 -0.22312312 -0.47420330 -0.15069042 0.83823606
1025.00000000 -1.29315595 -0.21803273 1.52778321 -0.26018568 -0.37320895 -0.14957008 0.87786519
1025.00000000 -1.29315595 -0.21803273 1.52778321 -0.26018568 -0.37320895 -0.14957008 0.87786519
1028.00000000 -1.31906916 -0.21911632 1.56355279 -0.24018308 -0.31961537 -0.11377930 0.90951216
1033.00000000 -1.41592269 -0.20890677 1.61742376 -0.21988152 -0.30383307 -0.12670285 0.91830494
1039.00000000 -1.55714658 -0.19102766 1.65151969 -0.27098355 -0.08837326 -0.05839162 0.95673847
1045.00000000 -1.59336493 -0.16145304 1.58586115 -0.27228879 -0.01583920 -0.03961199 0.96126938
1049.00000000 -1.58738575 -0.14891575 1.53016749 -0.29634668 0.04853555 -0.03587644 0.95317146
1062.00000000 -1.41331138 -0.16298531 1.63511003 -0.27078182 -0.26896123 -0.10480060 0.91834302
1066.00000000 -1.36646628 -0.18054412 1.70002521 -0.23551868 -0.32446903 -0.10249452 0.91035470
1072.00000000 -1.30124386 -0.20936283 1.76702169 -0.18290869 -0.42151299 -0.14513190 0.87624651
1072.00000000 -1.30124386 -0.20936283 1.76702169 -0.18290869 -0.42151299 -0.14513190 0.87624651
1083.00000000 -1.37838091 -0.20220572 1.83090572 -0.22123338 -0.35047779 -0.12284263 0.90173766
1085.00000000 -1.35400037 -0.19495211 1.84080628 -0.23757165 -0.25647160 -0.10656375 0.93082017
1087.00000000 -1.32863911 -0.19652640 1.85716391 -0.23698861 -0.16613422 -0.09256543 0.95271583
1091.00000000 -1.29190178 -0.19822401 1.88034615 -0.22585263 -0.17913098 -0.09597063 0.95272888
1097.00000000 -1.24595779 -0.22011495 1.85998274 -0.19686666 -0.34213547 -0.09894678 0.91345299
1101.00000000 -1.18487460 -0.23017248 1.80991659 -0.15742857 -0.43335732 -0.10577972 0.88103821
1107.00000000 -1.07281519 -0.27434428 1.78505224 -0.07826930 -0.56390241 -0.09568827 0.81653643
1110.00000000 -1.01164376 -0.29361299 1.78753407 -0.07903472 -0.68046127 -0.10120030 0.72144610
1110.00000000 -1.01164376 -0.29361299 1.78753407 -0.07903472 -0.68046127 -0.10120030 0.72144610
1112.00000000 -0.99767324 -0.30026342 1.78573088 0.06869386 0.76565658 0.08482296 -0.63392130
1114.00000000 -0.99339951 -0.30157388 1.79221790 0.06907717 0.83757175 0.06019400 -0.53858944
1117.00000000 -0.99743720 -0.29419758 1.83550522 0.06116532 0.91055406 0.06819312 -0.40311264
1119.00000000 -1.00356203 -0.29222174 1.85684485 0.06520979 0.94633740 0.08528939 -0.30482607
1121.00000000 -1.00440457 -0.29622618 1.87213571 0.05220136 0.97238754 0.07886740 -0.21334813
1125.00000000 -1.04169861 -0.29205221 1.86687882 -0.02171616 0.99483424 0.08452413 -0.05185481
1129.00000000 -1.10680951 -0.28958171 1.83675443 -0.03785063 0.99344121 0.05046918 0.09536647
1139.00000000 -1.28258269 -0.28492993 1.65412598 -0.07160991 0.97484483 0.03129163 0.20873529
1139.00000000 -1.28258269 -0.28492993 1.65412598 -0.07160991 0.97484483 0.03129163 0.20873529
1141.00000000 -1.29031114 -0.28726451 1.64998206 -0.05322306 0.99633805 -0.00158589 0.06689756
1142.00000000 -1.29026960 -0.28622517 1.65881439 -0.04313984 0.99854300 -0.02104398 -0.02465717
1143.00000000 -1.28990780 -0.28391570 1.66791929 -0.03676822 0.99421094 -0.02033676 -0.09888945
1144.00000000 -1.28612099 -0.28110126 1.68048406 -0.01492471 0.98406760 -0.00543370 -0.17708385
1146.00000000 -1.27154304 -0.27361902 1.69916329 0.02544313 0.95490383 0.02980573 -0.29431775
1148.00000000 -1.27565968 -0.27075022 1.69631306 0.02212561 0.92186202 0.04080020 -0.38472875
1150.00000000 -1.26331627 -0.27115272 1.67969868 0.03089759 0.86700243 0.04857582 -0.49496719
1151.00000000 -1.25199911 -0.27012898 1.66786802 0.05504667 0.81940986 0.05463010 -0.56793740
1151.00000000 -1.25199911 -0.27012898 1.66786802 0.05504667 0.81940986 0.05463010 -0.56793740
1152.00000000 -1.25410468 -0.26907037 1.66387442 0.08176231 0.75912101 0.06508818 -0.64250583
1154.00000000 -1.25384200 -0.26412352 1.67206643 -0.10453125 -0.62732891 -0.07740998 0.76781466
1156.00000000 -1.23561456 -0.25944717 1.68502189 -0.12263339 -0.49806196 -0.08235935 0.85446607
1158.00000000 -1.21219053 -0.25586851 1.68873066 -0.15882320 -0.36342079 -0.08273231 0.91425154
1160.00000000 -1.18745537 -0.25364889 1.67916889 -0.19584564 -0.25842518 -0.08118629 0.94248061
1162.00000000 -1.16213450 -0.25252548 1.66135823 -0.22401905 -0.16887684 -0.07244519 0.95710385
1164.00000000 -1.13995957 -0.25088491 1.65004489 -0.24953445 -0.04626884 -0.05558215 0.96566163
1166.00000000 -1.11488691 -0.24572712 1.65965028 -0.28500025 0.06202381 -0.03322288 0.95594150
1166.00000000 -1.11488691 -0.24572712 1.65965028 -0.28500025 0.06202381 -0.03322288 0.95594150
