0.00000000 0.00000000 0.00000000 0.00000000 0.00000000 0.00000000 0.00000000 1.00000000
18.00000000 0.03128917 -0.02976081 0.00042387 -0.09857236 -0.09974247 -0.04656605 0.98902302
22.00000000 0.05395284 -0.05965151 0.01488245 -0.17229420 -0.22924062 -0.04623592 0.95688332
28.00000000 0.09784796 -0.06800942 0.05969752 -0.19480621 -0.36480918 -0.09205781 0.90580912
45.00000000 0.10337929 -0.04357982 0.20443580 -0.25487374 -0.48595386 -0.13344229 0.82527655
58.00000000 0.04350776 -0.03036602 0.26409661 -0.22764167 -0.60378593 -0.19348438 0.73904372
62.00000000 -0.03346701 -0.02339961 0.29610484 0.22789027 0.69065922 0.19490132 -0.65808004
70.00000000 -0.22849509 -0.00294719 0.36169315 0.25618514 0.78894567 0.22499178 -0.51118745
75.00000000 -0.30629194 0.00881639 0.30781386 0.15380824 0.86689868 0.29283587 -0.37293010
75.00000000 -0.30637558 0.00867341 0.30793990 0.15379199 0.86665782 0.29319522 -0.37321417
82.00000000 -0.45320711 0.07065978 0.30639661 0.21833124 0.84691207 0.33222525 -0.35312576
91.00000000 -0.51645167 0.19642162 0.24153295 0.25117451 0.83171176 0.40105171 -0.29038670
97.00000000 -0.50870174 0.14703965 0.25098416 0.25901470 0.78704899 0.40259877 -0.38907520
100.00000000 -0.48922637 0.11640742 0.28623415 0.27103803 0.71568701 0.41153846 -0.49494099
104.00000000 -0.41783993 0.08323654 0.31054034 0.29037051 0.72933225 0.39955593 -0.47340732
109.00000000 -0.30212163 0.03587811 0.35485789 0.27080786 0.68392088 0.37133966 -0.56658820
112.00000000 -0.24582359 0.02451289 0.41220485 0.27362105 0.64225796 0.33251952 -0.63408754
115.00000000 -0.20126583 0.03087721 0.48816861 -0.28482495 -0.59248267 -0.31129559 0.68624637
115.00000000 -0.20138517 0.03064425 0.48836693 -0.28461612 -0.59208816 -0.31173484 0.68647408
121.00000000 -0.19407236 0.07731824 0.65475933 -0.27962371 -0.59526418 -0.27354298 0.70188701
126.00000000 -0.23580641 0.11587201 0.72272976 -0.24219784 -0.66894019 -0.17970793 0.67938523
128.00000000 -0.24675438 0.10309005 0.72589773 0.17832532 0.75062883 0.10056809 -0.62820577
131.00000000 -0.24752968 0.12348767 0.77609440 0.22922422 0.70899620 0.16992383 -0.64490816
133.00000000 -0.25939820 0.15886092 0.81101888 0.26945119 0.68311083 0.21131743 -0.64505859
136.00000000 -0.29946658 0.19261350 0.85095569 0.31697045 0.65924230 0.26276264 -0.62919402
143.00000000 -0.41146863 0.23042228 0.89556107 0.39804639 0.60718379 0.38870121 -0.56727267
149.00000000 -0.44482072 0.25377264 0.94751100 -0.39628700 -0.57647877 -0.40719804 0.58721256
149.00000000 -0.44484999 0.25371983 0.94755803 -0.39624055 -0.57604780 -0.40744960 0.58749228
152.00000000 -0.43657016 0.27419738 0.98365560 -0.39474672 -0.54829966 -0.38745117 0.62723528
162.00000000 -0.48722713 0.29082623 1.06251292 0.45239207 0.56986778 0.39205291 -0.56292686
164.00000000 -0.50948224 0.25825516 1.03994602 0.37149922 0.63050026 0.32978459 -0.59640579
166.00000000 -0.53749194 0.24315959 1.01114419 0.33046705 0.67528348 0.31961337 -0.57674174
168.00000000 -0.55327826 0.23010371 0.98888269 0.33311898 0.70282062 0.30847663 -0.54764687
171.00000000 -0.56408861 0.21799359 0.94975224 0.30267489 0.73799761 0.29950662 -0.52349137
178.00000000 -0.56663418 0.21053440 0.94487252 0.25019107 0.69144048 0.30739232 -0.60400700
180.00000000 -0.54848811 0.20137246 0.97400461 -0.24538856 -0.63798693 -0.26747389 0.67912801
180.00000000 -0.54854611 0.20125618 0.97410549 -0.24528492 -0.63762000 -0.26783632 0.67936717
186.00000000 -0.53005341 0.20402029 1.03749279 -0.24543964 -0.59781344 -0.24182590 0.72380848
188.00000000 -0.51471486 0.20392345 1.06767079 -0.25471540 -0.53784221 -0.23234131 0.76932655
192.00000000 -0.48581423 0.20637707 1.12619486 -0.27280225 -0.47089460 -0.23765186 0.80458610
195.00000000 -0.45332111 0.20452140 1.16482755 -0.27125712 -0.37944802 -0.24593330 0.84967970
198.00000000 -0.41771645 0.20292037 1.18216016 -0.25299016 -0.30711041 -0.25907702 0.88008992
214.00000000 -0.35902982 0.24063093 1.34853707 -0.26008832 -0.53666513 -0.24244773 0.76522135
220.00000000 -0.40016656 0.25175259 1.44907433 0.29215384 0.72355418 0.25303924 -0.57191487
222.00000000 -0.40195803 0.25039367 1.49529180 0.27935491 0.69854462 0.23387490 -0.61587237
222.00000000 -0.40202709 0.25024854 1.49542120 0.27939278 0.69820555 0.23406898 -0.61616588
224.00000000 -0.39291281 0.24957764 1.54800306 -0.27998901 -0.61002781 -0.22075583 0.70762921
226.00000000 -0.37766543 0.24788469 1.59123503 -0.28605306 -0.51061733 -0.21894799 0.78070825
229.00000000 -0.37516913 0.24962409 1.65496768 -0.31404060 -0.43032055 -0.22120631 0.81686627
236.00000000 -0.40155157 0.28678015 1.75158944 -0.41568914 -0.49944139 -0.25181872 0.71718070
239.00000000 -0.41802235 0.27046742 1.75561133 -0.31682566 -0.58656718 -0.19023346 0.72067446
241.00000000 -0.42664558 0.25369297 1.76934798 -0.26908581 -0.61069192 -0.13600247 0.73222369
244.00000000 -0.42488619 0.24922125 1.84366650 -0.28082653 -0.57853016 -0.11000600 0.75785091
248.00000000 -0.40545306 0.25383373 1.93450424 -0.29364869 -0.55959924 -0.08192243 0.77065417
248.00000000 -0.40595520 0.25420793 1.93503516 -0.29400862 -0.55970289 -0.08251973 0.77037789
251.00000000 -0.40841774 0.27829935 1.99299831 -0.35736509 -0.53894505 -0.12162496 0.75301779
262.00000000 -0.44802289 0.29736561 2.19961771 -0.37966114 -0.52667334 -0.17514240 0.74013360
266.00000000 -0.46222390 0.30212698 2.27405857 -0.37856197 -0.50641793 -0.14109089 0.76179070
268.00000000 -0.45192015 0.29854620 2.31307835 -0.36672264 -0.46618435 -0.12270717 0.79569442
274.00000000 -0.48603748 0.30490060 2.36050611 -0.44027698 -0.52072214 -0.19004611 0.70631941
279.00000000 -0.50014524 0.29736695 2.36177002 -0.46615938 -0.44955352 -0.25020443 0.71971856
283.00000000 -0.44345415 0.28988933 2.43433452 -0.48843244 -0.46261802 -0.12772480 0.72876931
286.00000000 -0.40619472 0.27994408 2.48792788 -0.50741045 -0.41643700 -0.02873851 0.75384943
286.00000000 -0.40644334 0.28013461 2.48818991 -0.50745704 -0.41607892 -0.02916832 0.75399927
289.00000000 -0.38869378 0.27510217 2.52456317 -0.55983969 -0.32676403 -0.04262634 0.76025508
292.00000000 -0.37137394 0.25811755 2.55245696 -0.55761362 -0.24472091 -0.09124086 0.78794278
299.00000000 -0.33956269 0.27403188 2.55871086 -0.48916959 -0.24597949 -0.11249853 0.82918712
304.00000000 -0.34629020 0.35120408 2.42814795 -0.30489009 -0.25631418 -0.05538051 0.91557527
306.00000000 -0.35387826 0.39890227 2.37100605 -0.31156954 -0.32107816 -0.06059925 0.89227853
308.00000000 -0.36755064 0.40788636 2.30869928 -0.29755096 -0.40497401 -0.08464988 0.86040332
310.00000000 -0.37598435 0.39298852 2.25418022 -0.30551623 -0.45100255 -0.10205138 0.83237134
312.00000000 -0.36945862 0.37510244 2.18631140 -0.32064967 -0.51161249 -0.10706911 0.78991940
312.00000000 -0.36971053 0.37529042 2.18655869 -0.32105585 -0.51147946 -0.10768862 0.78975633
314.00000000 -0.36080282 0.36113343 2.12211664 -0.31210940 -0.54613712 -0.08455917 0.77276886
319.00000000 -0.35270235 0.32635414 1.96431044 -0.28800767 -0.58172402 -0.06789545 0.75765359
322.00000000 -0.35677923 0.30505683 1.86568326 -0.27345560 -0.58981937 -0.07944957 0.75566058
324.00000000 -0.31926535 0.28108805 1.83881282 -0.23713712 -0.48755971 -0.06824537 0.83749273
326.00000000 -0.26714498 0.27802589 1.83709704 -0.24913029 -0.35987597 -0.07886339 0.89565839
328.00000000 -0.19464597 0.28572240 1.82226406 -0.28945580 -0.21556800 -0.06864447 0.93007189
330.00000000 -0.14402723 0.31993337 1.79522426 -0.32704188 -0.10266559 -0.03319489 0.93882985
332.00000000 -0.10750852 0.35572713 1.77129235 -0.37360074 -0.05164983 -0.00868073 0.92610983
332.00000000 -0.10757089 0.35560836 1.77146482 -0.37352290 -0.05176402 -0.00863715 0.92613527
335.00000000 -0.07230562 0.40170208 1.74910351 -0.40245335 -0.02058844 0.00330727 0.91520297
338.00000000 -0.03898565 0.45565826 1.72658220 -0.43413927 -0.01240928 0.01760240 0.90058829
340.00000000 -0.02565210 0.48261408 1.69945068 -0.45633276 -0.01070508 0.02707136 0.88933287
344.00000000 -0.01785228 0.36598213 1.70262481 -0.42492102 -0.00812422 0.01334272 0.90509563
347.00000000 -0.02573936 0.21424698 1.69659211 -0.36570024 0.00688344 0.00108161 0.93070660
350.00000000 -0.03160724 0.19440382 1.69437544 -0.29218320 -0.00597193 -0.01060028 0.95628497
353.00000000 -0.03143558 0.29319196 1.68230911 -0.31360282 -0.00912845 -0.00112354 0.94950970
355.00000000 -0.02828660 0.36425518 1.66766486 -0.35000033 -0.00774168 0.00648412 0.93669514
355.00000000 -0.02835826 0.36411904 1.66786242 -0.34992561 -0.00786533 0.00652756 0.93672173
357.00000000 -0.02969359 0.42777827 1.64962960 -0.41548090 -0.01548806 0.00317611 0.90946449
361.00000000 -0.02973873 0.37471760 1.66151976 -0.43859530 -0.01650371 0.00784212 0.89849891
364.00000000 -0.03910871 0.27464573 1.70241704 -0.38794894 -0.00982495 0.01054104 0.92156822
369.00000000 -0.04869921 0.24107576 1.82110542 -0.35482980 -0.00986809 -0.00708173 0.93485201
373.00000000 0.00785348 0.24562124 2.00184804 -0.36874379 0.03070805 -0.00441106 0.92901323
380.00000000 0.07030394 0.31955729 2.19747898 -0.45287266 0.06582886 0.02385431 0.88882163
386.00000000 0.08008253 0.32846973 2.27490131 -0.43181309 0.08909616 0.00316733 0.89754626
394.00000000 0.14929381 0.36184937 2.28728793 -0.46865002 -0.06006500 -0.00501545 0.88132525
394.00000000 0.14947096 0.36188929 2.28734174 -0.46850011 -0.06006608 -0.00497412 0.88140511
397.00000000 0.20683864 0.41995413 2.28843013 -0.47252602 -0.07663445 0.04389908 0.87688038
403.00000000 0.19007568 0.40435279 2.29624119 -0.41601587 -0.02904403 0.02002568 0.90867277
405.00000000 0.16443459 0.35305705 2.29628578 -0.35810621 0.03131244 0.00151231 0.93315443
406.00000000 0.15371263 0.31652019 2.29635114 -0.32110315 0.05733289 0.00347642 0.94530081
408.00000000 0.13226050 0.25196805 2.30069815 -0.28240586 0.08261371 0.00113350 0.95573041
410.00000000 0.11152194 0.19758315 2.30996429 -0.26149248 0.09610379 -0.00346722 0.96040290
416.00000000 0.01450853 0.15306198 2.33338091 -0.33925729 0.10298009 -0.01026725 0.93498352
419.00000000 -0.04772658 0.19410430 2.32808655 -0.36909183 0.12336284 -0.04243194 0.92019148
419.00000000 -0.04739090 0.19418709 2.32819582 -0.36900059 0.12314368 -0.04237110 0.92026023
423.00000000 -0.14195703 0.23638658 2.32221594 -0.42838064 0.16212793 -0.06538684 0.88652644
425.00000000 -0.18643041 0.26460166 2.31425478 -0.46893410 0.10069070 -0.07448797 0.87430757
427.00000000 -0.22890884 0.29215580 2.30430480 -0.50495770 0.01253713 -0.08978787 0.85836978
429.00000000 -0.26442635 0.30980706 2.29374217 -0.52449664 -0.09690492 -0.09682850 0.84031955
431.00000000 -0.28615823 0.31397277 2.28173093 -0.49283055 -0.20796605 -0.10388510 0.83849631
436.00000000 -0.18129992 0.31870276 2.27772397 -0.42325121 -0.20907784 -0.08300872 0.87764140
438.00000000 -0.09460591 0.32113615 2.27999443 -0.42018271 -0.17125254 -0.07751520 0.88775585
440.00000000 0.01463679 0.31305295 2.28014379 -0.41317739 -0.11689161 -0.04186053 0.90214660
440.00000000 0.01508918 0.31316085 2.28028559 -0.41305551 -0.11689578 -0.04183754 0.90220294
441.00000000 0.07350502 0.30918062 2.28077604 -0.40446650 -0.07570913 -0.01358624 0.91131246
443.00000000 0.18527414 0.30210791 2.27059489 -0.41600295 -0.00317417 0.01836824 0.90917219
444.00000000 0.23788877 0.30468166 2.26083719 -0.42393758 0.02966293 0.02759616 0.90478478
446.00000000 0.33126545 0.31359718 2.24529296 -0.43288080 0.07682289 0.04229367 0.89717540
448.00000000 0.41235570 0.30998705 2.24220168 -0.44854668 0.11513952 0.04811418 0.88500497
452.00000000 0.54297516 0.29915900 2.24612406 -0.48240103 0.12810234 0.09255474 0.86157568
455.00000000 0.61151841 0.27116026 2.26846405 -0.48762944 0.15116908 0.06982222 0.85702409
472.00000000 0.53949728 0.28003129 2.32806597 -0.45381368 0.17345065 0.08231259 0.87016817
472.00000000 0.53940551 0.27984476 2.32822507 -0.45357849 0.17365335 0.08237485 0.87024448
476.00000000 0.46146149 0.30758511 2.31926821 -0.47447487 0.20005649 0.06519140 0.85475206
483.00000000 0.35004777 0.36184590 2.25578013 -0.44418572 0.29072000 0.04282125 0.84637300
490.00000000 0.36737696 0.32865819 2.15308076 -0.41263066 0.33750766 0.07177065 0.84301453
497.00000000 0.38660047 0.28744266 2.18075821 -0.35158967 0.30725691 0.04940377 0.88291402
503.00000000 0.50021939 0.37829759 2.32369637 -0.39564793 0.21975010 0.11549335 0.88421371
516.00000000 0.34429766 0.25186733 2.09044600 -0.32968682 0.23976967 0.07359390 0.91016539
521.00000000 0.25808742 0.24217373 1.91806419 -0.30815539 0.25677343 0.08551036 0.91202831
526.00000000 0.24780315 0.23185443 1.75870641 -0.28707467 0.33080991 0.08613284 0.89483745
526.00000000 0.24769933 0.23164994 1.75887960 -0.28676526 0.33104430 0.08616342 0.89484704
530.00000000 0.26337804 0.23511578 1.62239947 -0.28168709 0.30465310 0.09266764 0.90512518
532.00000000 0.28062372 0.23837105 1.56501093 -0.31399468 0.31632887 0.09056617 0.89058472
535.00000000 0.33261030 0.24633776 1.49202245 -0.34300192 0.29956595 0.09516141 0.88518599
540.00000000 0.39919867 0.27084013 1.42063312 -0.37340936 0.13843357 0.06361615 0.91507080
543.00000000 0.40943304 0.31602231 1.34823861 -0.36643818 0.02790365 0.03405597 0.92940015
547.00000000 0.45678556 0.26867744 1.33261624 -0.29937386 -0.00565123 0.06801686 0.95169169
550.00000000 0.44727395 0.19578380 1.35200850 -0.27226003 -0.07621814 0.02030991 0.95898529
554.00000000 0.44225186 0.24801062 1.35286789 -0.28935472 -0.17043823 -0.00584429 0.94190790
554.00000000 0.44197304 0.24748026 1.35330662 -0.28927411 -0.17018749 -0.00588826 0.94197773
558.00000000 0.42183646 0.36140944 1.34146190 -0.36330906 -0.14435330 0.00631395 0.92039599
563.00000000 0.38985476 0.27955768 1.34436523 -0.29998466 -0.15031958 -0.00698900 0.94200020
566.00000000 0.32092174 0.17546961 1.34805101 -0.27080774 -0.20924255 -0.02555698 0.93926970
569.00000000 0.28041475 0.17404736 1.33137844 -0.23759642 -0.28465028 -0.01412323 0.92861332
571.00000000 0.24878739 0.18745196 1.32161882 -0.21525440 -0.36267616 0.00622026 0.90669336
575.00000000 0.15481822 0.17876196 1.32101885 -0.22003074 -0.45015099 -0.04321578 0.86433961
578.00000000 0.08528689 0.17059880 1.28919908 -0.21408178 -0.54630337 -0.07190049 0.80656800
581.00000000 0.03736165 0.15463262 1.22767290 -0.19542274 -0.62000170 -0.10040379 0.75321108
581.00000000 0.03713391 0.15421083 1.22802411 -0.19538070 -0.61968974 -0.10074443 0.75343319
584.00000000 0.01399889 0.16052008 1.15453639 -0.17584360 -0.68843609 -0.10917326 0.69513738
588.00000000 0.03591719 0.16362498 1.03875366 0.15571936 0.71690081 0.10830736 -0.67087571
601.00000000 0.25683416 0.13268326 0.62710575 -0.16960160 -0.59663869 -0.05960873 0.78211532
604.00000000 0.26840504 0.12741771 0.51779552 -0.20945058 -0.57622821 -0.08370414 0.78554766
609.00000000 0.24999276 0.11290125 0.35057461 -0.22843773 -0.54052815 -0.09966300 0.80356257
618.00000000 0.19265598 0.00226387 0.28462199 -0.34593875 -0.48123126 -0.13578731 0.79391729
622.00000000 0.13835234 -0.08618727 0.30736941 -0.34535243 -0.43922379 -0.15934485 0.81389396
630.00000000 0.17435291 0.06399779 0.22580310 -0.19827834 -0.46811898 -0.14026229 0.84963334
630.00000000 0.17435291 0.06399779 0.22580310 -0.19827834 -0.46811898 -0.14026229 0.84963334
632.00000000 0.20780938 0.16276672 0.20190603 -0.17720217 -0.49542621 -0.13301781 0.83991578
635.00000000 0.25606735 0.25032728 0.16085175 -0.21920646 -0.50167784 -0.12390475 0.82759621
644.00000000 0.25903454 0.13797856 0.16642331 -0.24822319 -0.45598115 -0.12275631 0.84581164
653.00000000 0.15759956 -0.02157430 0.32636630 -0.33252945 -0.49214965 -0.21092543 0.77635260
655.00000000 0.14578515 -0.05162292 0.35017933 -0.28411047 -0.43028214 -0.19711125 0.83383792
659.00000000 0.14785665 -0.02731983 0.37153662 -0.24468910 -0.31771330 -0.16983189 0.90019033
662.00000000 0.13712219 0.00386314 0.41132729 -0.25461542 -0.21421576 -0.18177200 0.92533320
665.00000000 0.15152173 0.02804623 0.46353592 -0.25368849 -0.13039129 -0.17837305 0.94171297
665.00000000 0.15152173 0.02804623 0.46353592 -0.25368849 -0.13039129 -0.17837305 0.94171297
674.00000000 0.15936168 0.02936302 0.47541425 -0.18957044 -0.17837908 -0.15727266 0.95263281
