0.00000000 0.00000000 0.00000000 0.00000000 0.00000000 0.00000000 0.00000000 1.00000000
21.00000000 -0.03073684 -0.01357069 0.01720943 -0.08102582 -0.03028635 -0.05621846 0.99466428
26.00000000 -0.17947764 -0.20215998 0.01660004 -0.16398988 -0.09161043 -0.03562385 0.98155274
30.00000000 -0.30200662 -0.37276641 -0.05299817 -0.16714627 -0.11555089 0.01613864 0.97900442
42.00000000 -0.53965816 -0.52120529 -0.50748942 -0.21915045 0.05510517 0.00815243 0.97409960
45.00000000 -0.47559565 -0.52832906 -0.71175594 -0.20771009 0.13775861 0.03403290 0.96784340
48.00000000 -0.40680749 -0.51963846 -0.87412713 -0.21390318 0.22467282 0.06312278 0.94856896
50.00000000 -0.38200644 -0.52665604 -0.98233696 -0.23860298 0.29189653 0.07185609 0.92341850
53.00000000 -0.30563855 -0.52303254 -1.12772765 -0.25738175 0.36170670 0.10009103 0.89045195
53.00000000 -0.30727382 -0.52408125 -1.12831383 -0.25719063 0.36207573 0.09989901 0.89037876
55.00000000 -0.23762422 -0.51675779 -1.20754165 -0.28812157 0.41000536 0.10711824 0.85872420
58.00000000 -0.11511021 -0.50463193 -1.33180721 -0.29242554 0.47385747 0.15059483 0.81686449
61.00000000 0.00452581 -0.47469616 -1.42057328 -0.29836208 0.50845778 0.19374463 0.78416438
74.00000000 0.18596272 -0.51785041 -1.34873046 -0.28198655 0.51737954 0.19452820 0.78419435
78.00000000 0.01589471 -0.58469105 -1.21113624 -0.25834559 0.50560496 0.14257838 0.81073583
81.00000000 -0.09829959 -0.57994123 -1.10094268 -0.28761978 0.43819557 0.14102524 0.83986391
84.00000000 -0.17459381 -0.56740562 -0.99304215 -0.29526830 0.37569080 0.13455553 0.86808286
87.00000000 -0.24180082 -0.56325914 -0.85055661 -0.27394243 0.32692167 0.11321256 0.89736319
87.00000000 -0.23197202 -0.56552440 -0.84528397 -0.27340800 0.32704362 0.11262984 0.89755505
90.00000000 -0.31516294 -0.56313656 -0.68196026 -0.27851628 0.28810318 0.09341695 0.91142664
95.00000000 -0.43711569 -0.56878607 -0.47737355 -0.26790614 0.24760497 0.11359202 0.92412929
100.00000000 -0.51393076 -0.55940659 -0.20014006 -0.27134676 0.21623836 0.09685304 0.93286194
106.00000000 -0.64542466 -0.55439259 0.12230649 -0.25565289 0.24694837 0.06608945 0.93235738
109.00000000 -0.73041470 -0.55418227 0.30504942 -0.26297665 0.20710267 0.06189043 0.94027727
112.00000000 -0.80210788 -0.55297301 0.47089686 -0.27552686 0.14220724 0.05442896 0.94915728
115.00000000 -0.91251565 -0.54629770 0.64797239 -0.28251607 0.07948882 0.03986629 0.95513186
118.00000000 -1.02450873 -0.52099021 0.78485902 -0.29679064 0.01516643 0.03050204 0.95433480
118.00000000 -1.01857556 -0.52098618 0.78723059 -0.29574115 0.01463142 0.03020568 0.95467833
121.00000000 -1.13359013 -0.48194894 0.90039242 -0.34277377 -0.06993471 -0.00143393 0.93681013
126.00000000 -1.25958172 -0.41303097 1.03844078 -0.39567382 -0.12313859 -0.04752642 0.90885662
130.00000000 -1.34854441 -0.40229309 1.05089742 -0.43362574 -0.17816580 -0.07980682 0.87969116
132.00000000 -1.40853072 -0.42054715 1.02467186 -0.41199271 -0.23115504 -0.09769476 0.87594811
134.00000000 -1.46455302 -0.42563380 0.99954025 -0.38861887 -0.30734370 -0.09283060 0.86365369
136.00000000 -1.52740141 -0.44694354 0.95387627 -0.37479299 -0.36110011 -0.12552093 0.84461910
142.00000000 -1.55258468 -0.49338993 0.80713326 -0.36294053 -0.36965963 -0.10602510 0.84875474
145.00000000 -1.55679615 -0.51544778 0.71319949 -0.34183286 -0.41659952 -0.10576697 0.83570837
145.00000000 -1.54877890 -0.51549581 0.71546604 -0.34260997 -0.41764107 -0.10624932 0.83480862
148.00000000 -1.58528094 -0.53285316 0.63040902 -0.30983944 -0.48546644 -0.09561300 0.81189901
152.00000000 -1.72748832 -0.53521787 0.61421722 -0.30399036 -0.57570255 -0.13319034 0.74727289
160.00000000 -2.02415399 -0.54501104 0.71172809 0.27090622 0.67563213 0.16340886 -0.66590434
167.00000000 -2.37113911 -0.56998311 0.76572058 0.25457703 0.75149850 0.25114039 -0.55440873
173.00000000 -2.67238521 -0.60347031 0.88726658 0.23648579 0.78382045 0.32645674 -0.47236212
201.00000000 -2.83701146 -0.62058295 0.87690176 0.26157719 0.71531943 0.46138601 -0.45499279
208.00000000 -2.62845426 -0.59530361 0.48545361 0.11785297 0.59111598 0.54847154 -0.57954426
215.00000000 -2.41558039 -0.49818507 0.39290470 -0.11773145 -0.62016272 -0.40856434 0.65925161
215.00000000 -2.41138636 -0.49818092 0.39368032 -0.11693855 -0.62208267 -0.41031780 0.65648902
220.00000000 -2.21869980 -0.44179835 0.35182499 0.09504984 0.75124327 0.27237257 -0.59364321
227.00000000 -2.24599038 -0.41028045 0.29399810 0.09595625 0.78614855 0.20542122 -0.57494780
234.00000000 -2.51326509 -0.35274671 0.30402097 0.11251091 0.79474106 0.20242401 -0.56102804
239.00000000 -2.58135958 -0.36019851 0.27950335 0.13115384 0.82351167 0.18159798 -0.52119993
244.00000000 -2.41853342 -0.38950257 0.20040325 0.09076710 0.85704038 0.18143121 -0.47363048
250.00000000 -2.01198831 -0.46048458 0.12307592 0.07407361 0.88646146 0.20178216 -0.40985746
255.00000000 -1.62935690 -0.49734574 0.07229921 0.05973082 0.90776161 0.18163510 -0.37337618
259.00000000 -1.38217680 -0.52587528 -0.00687597 0.07951754 0.91565798 0.18307405 -0.34890016
259.00000000 -1.36765062 -0.52546846 -0.00591845 0.07873078 0.91665686 0.18242107 -0.34679132
265.00000000 -1.04973083 -0.54100620 -0.26083210 0.06774437 0.91708557 0.18474695 -0.34674676
270.00000000 -0.84677271 -0.55085488 -0.53841110 0.07086851 0.91718951 0.18061885 -0.34801995
274.00000000 -0.66694144 -0.56118130 -0.76154870 0.07634870 0.91653709 0.19117630 -0.34290271
279.00000000 -0.35487485 -0.58625682 -1.06261257 0.06254570 0.90832551 0.20968131 -0.35646396
283.00000000 -0.13976891 -0.59279776 -1.31291958 0.05497409 0.91420726 0.21647482 -0.33814433
286.00000000 -0.03601485 -0.57588058 -1.52581412 0.08301399 0.91405914 0.22155046 -0.32942368
290.00000000 0.09949529 -0.54630726 -1.74493256 0.09784174 0.91420785 0.24059571 -0.31107027
294.00000000 0.19285012 -0.52790628 -1.92490117 0.10459237 0.90829740 0.27193062 -0.30018329
294.00000000 0.20275645 -0.52818869 -1.92365013 0.10481903 0.90813900 0.27158312 -0.30089722
303.00000000 0.21103073 -0.57285948 -1.94379392 0.06961694 0.89650285 0.24849114 -0.36012258
305.00000000 0.23346132 -0.62781182 -1.90732326 0.04513765 0.87249868 0.21969016 -0.43410239
306.00000000 0.24521815 -0.65584359 -1.87498904 0.04203020 0.84390083 0.18624949 -0.50137409
309.00000000 0.31031173 -0.69930171 -1.82942988 0.07689227 0.79240227 0.17003053 -0.58075455
314.00000000 0.31480144 -0.72414084 -1.77023893 0.07694313 0.70247532 0.16477279 -0.68808292
317.00000000 0.37349491 -0.73508833 -1.71754715 -0.10261625 -0.59769488 -0.12963324 0.78449089
320.00000000 0.43386231 -0.74930973 -1.68187103 -0.12001234 -0.46870205 -0.12676819 0.86593606
324.00000000 0.57780213 -0.78364685 -1.64247043 -0.13430805 -0.33093044 -0.07189866 0.93127707
324.00000000 0.58231347 -0.78472176 -1.64253580 -0.13435817 -0.33101000 -0.07198026 0.93123526
327.00000000 0.70253202 -0.79283159 -1.60257754 -0.13273980 -0.19031635 -0.03859809 0.97194137
331.00000000 0.85221041 -0.76521701 -1.56304094 -0.14749326 -0.07985915 -0.02680202 0.98546938
334.00000000 0.97940641 -0.77053886 -1.54865800 -0.15031477 0.02374982 -0.03070517 0.98787581
336.00000000 1.06016364 -0.75426938 -1.52990652 -0.15146455 0.10261084 -0.03593305 0.98246543
338.00000000 1.13443660 -0.75750037 -1.54504876 -0.14362328 0.17187209 -0.04904668 0.97335850
340.00000000 1.18045755 -0.75489506 -1.54338787 -0.15308919 0.23180739 -0.05274763 0.95919066
343.00000000 1.17885433 -0.78302836 -1.55178027 -0.11896557 0.14493667 0.00383496 0.98225549
344.00000000 1.16015802 -0.79628105 -1.56589234 -0.09846145 0.08281461 0.02333707 0.99141438
344.00000000 1.16506866 -0.79746889 -1.56602346 -0.09835505 0.08321960 0.02331973 0.99139143
346.00000000 1.14841598 -0.82301289 -1.59188065 -0.08142825 0.00222476 0.04360600 0.99572235
349.00000000 1.10936199 -0.85121778 -1.61677845 -0.11910195 -0.07616407 0.03280944 0.98941260
353.00000000 1.03855849 -0.80260393 -1.59122214 -0.21967665 -0.11912502 -0.00050387 0.96827225
356.00000000 1.00814344 -0.72221979 -1.57929546 -0.28916699 -0.13849490 -0.03160332 0.94667991
362.00000000 1.02061113 -0.74324900 -1.65565239 -0.22938408 -0.21294514 -0.02048007 0.94953561
365.00000000 1.07480491 -0.82208370 -1.76212678 -0.19149591 -0.32372651 0.00858644 0.92652940
368.00000000 1.16688525 -0.87107084 -1.86596013 -0.14505488 -0.46038115 0.03388905 0.87513417
371.00000000 1.25583913 -0.91135968 -1.99966840 -0.09881751 -0.56731930 0.02190585 0.81725397
371.00000000 1.31125019 -0.91251760 -1.98994924 -0.09907301 -0.56892993 0.02208740 0.81609768
375.00000000 1.42143514 -0.93643648 -2.15674018 -0.08054457 -0.68811737 0.02615983 0.72064050
379.00000000 1.51515095 -0.93765852 -2.28796902 0.07174355 0.76832542 0.00448940 -0.63601002
382.00000000 1.58193570 -0.92735339 -2.36643649 0.05834358 0.83824813 0.01267433 -0.54201058
386.00000000 1.63890236 -0.90104019 -2.44371117 0.06093506 0.87807043 0.03194799 -0.47355946
389.00000000 1.68978925 -0.85115897 -2.53113995 0.03412797 0.90800328 0.05686055 -0.41368129
399.00000000 1.35492119 -0.69422724 -2.76759968 0.06248006 0.92069854 0.07990595 -0.37686269
421.00000000 -0.23383315 -0.60840755 -3.66251319 0.10136780 0.93818286 0.13281037 -0.30314830
425.00000000 -0.52127929 -0.52827939 -3.50478115 0.11236007 0.95817184 0.12681310 -0.23065209
425.00000000 -0.51753825 -0.52838348 -3.50370887 0.11280845 0.95798466 0.12718682 -0.23100467
428.00000000 -0.70094530 -0.54641899 -3.58970893 0.09344181 0.98031124 0.12188325 -0.12410873
432.00000000 -0.90305698 -0.59250469 -3.68164629 0.08006382 0.98988567 0.11650010 -0.01199438
438.00000000 -1.01339024 -0.60304255 -3.73039135 0.04808941 0.97752361 0.19896856 0.05046297
441.00000000 -0.94895768 -0.53628519 -3.71583193 0.05817128 0.97156599 0.22825838 0.02395288
448.00000000 -0.81714248 -0.51682437 -3.64134122 0.09393588 0.96532454 0.20288629 -0.13476547
451.00000000 -0.74417868 -0.54206022 -3.61573771 0.11903866 0.95036552 0.17162480 -0.23060813
457.00000000 -0.50613446 -0.67234894 -3.69386917 0.09056525 0.88820760 0.11703488 -0.43495751
460.00000000 -0.52401535 -0.69773618 -3.64290295 0.06316282 0.92558359 0.13017935 -0.34979824
460.00000000 -0.46815850 -0.69909228 -3.61793469 0.06374035 0.92490803 0.13074281 -0.35126718
465.00000000 -0.51733848 -0.66918322 -3.39526762 0.05995088 0.91519027 0.08474310 -0.38942429
469.00000000 -0.47027431 -0.68793377 -3.29594337 0.06991945 0.84048569 0.06881436 -0.53287866
471.00000000 -0.41834419 -0.69564486 -3.24841350 0.08185006 0.76131920 0.05793127 -0.64057600
474.00000000 -0.37267328 -0.72665528 -3.20476537 -0.07913663 -0.64667951 -0.06383035 0.75595549
477.00000000 -0.38081548 -0.72123259 -3.13275616 -0.10950346 -0.53378180 -0.05015559 0.83700084
480.00000000 -0.36756491 -0.70367653 -3.03188047 -0.13659166 -0.43986612 -0.04909075 0.88625652
485.00000000 -0.38390586 -0.63374068 -2.74201478 -0.19888755 -0.38026216 -0.03115794 0.90270350
492.00000000 -0.60089942 -0.50261260 -2.35059046 -0.18937193 -0.15862455 0.00899742 0.96896624
492.00000000 -0.58790462 -0.50327962 -2.34488045 -0.18913286 -0.15940135 0.00883444 0.96888695
495.00000000 -0.56292107 -0.49414732 -2.18395014 -0.19476018 -0.01972076 0.03207709 0.98012786
498.00000000 -0.51637590 -0.48586922 -2.00799857 -0.19684761 0.12703884 0.04796321 0.97098490
501.00000000 -0.50767703 -0.46716756 -1.85870536 -0.19263872 0.27461094 0.08988451 0.93776326
504.00000000 -0.49084684 -0.44765404 -1.71732008 -0.19239341 0.41089446 0.11751707 0.88336870
509.00000000 -0.30616494 -0.39819662 -1.53690640 -0.19018052 0.50504974 0.16520119 0.82550875
515.00000000 -0.09894170 -0.35422208 -1.41887712 -0.19435586 0.62186291 0.20616935 0.73007296
523.00000000 0.17627416 -0.31897886 -1.31893949 -0.24242614 0.59466598 0.25951920 0.72128478
527.00000000 0.19037656 -0.38704078 -1.27261342 -0.20302752 0.59005365 0.20089657 0.75515368
527.00000000 0.19429374 -0.38707051 -1.27089589 -0.20310242 0.58960975 0.20059184 0.75556116
530.00000000 0.20485805 -0.46165031 -1.25913437 -0.15458907 0.60864793 0.16760882 0.75997184
536.00000000 0.11191462 -0.46969336 -1.19434482 -0.20746160 0.58215427 0.19234185 0.76227338
539.00000000 0.01003215 -0.49971746 -1.09814646 -0.25216691 0.54843628 0.19038869 0.77419742
541.00000000 -0.05721437 -0.51459278 -1.04339307 -0.24379068 0.50419257 0.17571652 0.80961698
545.00000000 -0.21372502 -0.52363610 -0.93945861 -0.21976296 0.44109607 0.15616912 0.85600800
551.00000000 -0.35361948 -0.48274813 -0.68802714 -0.23084098 0.47543576 0.17791064 0.83007294
557.00000000 -0.37450457 -0.42648693 -0.33738392 -0.23630774 0.49384683 0.17165749 0.81902849
561.00000000 -0.38965552 -0.38490994 -0.07934752 -0.28271072 0.46474856 0.17110981 0.82146507
561.00000000 -0.39043821 -0.38502768 -0.08008420 -0.28305626 0.46419049 0.17094788 0.82169530
564.00000000 -0.47624798 -0.39767640 0.13056415 -0.27805506 0.48116548 0.17804659 0.81207424
567.00000000 -0.54112825 -0.39280722 0.32101461 -0.30011106 0.47727922 0.18918265 0.80395760
573.00000000 -0.51133725 -0.35066411 0.49313731 -0.32689037 0.53261943 0.25680847 0.73723039
576.00000000 -0.57076637 -0.38653711 0.60421517 -0.28612921 0.50262833 0.20933438 0.78846303
578.00000000 -0.65116343 -0.40088992 0.69266558 -0.26603258 0.47383875 0.16501097 0.82308863
581.00000000 -0.77836901 -0.43076533 0.80473254 -0.27049709 0.43278860 0.12619105 0.85064750
583.00000000 -0.86670855 -0.44580081 0.86847608 -0.26372571 0.38426908 0.10051445 0.87902382
586.00000000 -0.95285791 -0.44832342 0.94679410 -0.28156397 0.31216973 0.08107266 0.90371401
586.00000000 -0.95382289 -0.44846603 0.94591011 -0.28188912 0.31179397 0.08097984 0.90375069
588.00000000 -1.00824769 -0.43336605 0.99823778 -0.30001363 0.24182902 0.07726974 0.91953246
590.00000000 -1.08282676 -0.41422646 1.07652817 -0.30632431 0.14239012 0.05326220 0.93970932
592.00000000 -1.16892555 -0.40656684 1.14375024 -0.28910861 0.07000353 0.02822550 0.95431601
595.00000000 -1.32058943 -0.39797313 1.18331229 -0.30562435 0.01443505 0.00429925 0.95203303
598.00000000 -1.44995698 -0.38711097 1.17723583 -0.31822890 -0.07171913 -0.01922417 0.94510167
600.00000000 -1.54263686 -0.36663163 1.15613413 -0.34429837 -0.15752496 -0.05716493 0.92378390
603.00000000 -1.68269019 -0.39015781 1.07429359 -0.32178469 -0.22436500 -0.06648542 0.91743918
605.00000000 -1.79654694 -0.41104455 0.97870840 -0.31478957 -0.27564230 -0.06348978 0.90603416
605.00000000 -1.79810026 -0.41127037 0.97725696 -0.31488595 -0.27615273 -0.06360869 0.90583687
607.00000000 -1.92386407 -0.42450394 0.89408004 -0.30580288 -0.33430007 -0.07888723 0.88797796
609.00000000 -2.03439465 -0.43815568 0.83809540 -0.30118145 -0.38260724 -0.08246793 0.86954038
614.00000000 -2.32017882 -0.43375882 0.76732000 -0.29092495 -0.43463242 -0.06202909 0.85006454
618.00000000 -2.58285598 -0.42978777 0.68998612 -0.29650459 -0.49659464 -0.07417605 0.81238950
634.00000000 -3.12804086 -0.23463070 0.94690771 -0.51310516 -0.38424486 -0.14452292 0.75378519
645.00000000 -3.26498697 -0.18197386 0.92861418 -0.51279209 -0.44926723 -0.23348196 0.69331768
648.00000000 -3.30426857 -0.21988475 0.82656692 -0.48628287 -0.48387067 -0.22565236 0.69172187
653.00000000 -3.35126662 -0.22360334 0.68380102 -0.47587346 -0.46568728 -0.23932244 0.70668563
653.00000000 -3.35147734 -0.22363415 0.68359802 -0.47576817 -0.46615581 -0.23948721 0.70639174
666.00000000 -3.48769181 -0.10995569 0.75149296 -0.48800783 -0.54344750 -0.22115790 0.64622160
668.00000000 -3.50966383 -0.17182121 0.73974131 -0.44299937 -0.56258785 -0.19991583 0.66879005
672.00000000 -3.51138264 -0.25609643 0.71181705 -0.38647721 -0.62370071 -0.19545952 0.65071374
679.00000000 -3.42380213 -0.27869811 0.73352117 0.30638009 0.76421842 0.19705337 -0.53223248
681.00000000 -3.39347635 -0.28178001 0.64694376 0.28131140 0.80223697 0.22428465 -0.47642013
683.00000000 -3.35628988 -0.28823324 0.55350171 0.27885456 0.82287453 0.25223549 -0.42602219
687.00000000 -3.23969348 -0.30912982 0.46043000 0.27129549 0.82366388 0.24622609 -0.43283862
697.00000000 -2.94887327 -0.30962798 0.18337347 0.28713042 0.72391707 0.18208856 -0.60028656
697.00000000 -2.94953894 -0.30984064 0.18254049 0.28701737 0.72416462 0.18202452 -0.60006141
710.00000000 -2.78795071 -0.36935828 -0.14924406 0.29460989 0.70295591 0.20803432 -0.61300874
716.00000000 -2.94735360 -0.21328360 0.01204481 0.37690196 0.67418542 0.24426674 -0.58630426
726.00000000 -2.73468808 -0.42505647 -0.14907424 0.27380709 0.71951095 0.20534849 -0.60428939
734.00000000 -2.36387007 -0.51715695 -0.49741321 0.22373970 0.80391659 0.17549831 -0.52235907
737.00000000 -2.32212006 -0.49908609 -0.65716657 0.18749117 0.84439200 0.17541024 -0.47019193
740.00000000 -2.33670082 -0.45885848 -0.84727544 0.18422380 0.85892535 0.20486742 -0.43166906
746.00000000 -2.35435541 -0.39757151 -1.13678314 0.21446456 0.82520068 0.26478482 -0.45048617
750.00000000 -2.39724926 -0.32027544 -1.14533883 0.26632887 0.77301249 0.26018839 -0.51363667
750.00000000 -2.39767014 -0.32038531 -1.14590934 0.26613437 0.77337376 0.26016367 -0.51320599
764.00000000 -2.32668128 -0.43148234 -1.26167134 0.23040813 0.76372206 0.23594826 -0.55494967
768.00000000 -2.26670013 -0.44499653 -1.35749956 0.21986897 0.80793537 0.26857897 -0.47619682
772.00000000 -2.21560675 -0.43553249 -1.44323489 0.23604884 0.83323593 0.26399089 -0.42462647
777.00000000 -2.19367591 -0.42743600 -1.65571094 0.23240225 0.83823366 0.30476244 -0.38790900
784.00000000 -2.26172052 -0.32103177 -1.77488198 0.25775068 0.84084615 0.34925485 -0.32336262
790.00000000 -2.23715548 -0.39952157 -1.80562162 0.14798891 0.86758904 0.28934592 -0.37638740
792.00000000 -2.25495736 -0.45985872 -1.74743164 0.15981813 0.82097134 0.24689923 -0.48939247
794.00000000 -2.28740575 -0.49742712 -1.67265420 0.19413439 0.77933054 0.18492454 -0.56635560
794.00000000 -2.28777871 -0.49748880 -1.67310691 0.19393081 0.77985810 0.18485418 -0.56572176
797.00000000 -2.30645989 -0.52319007 -1.61028260 0.20842370 0.73770968 0.13802413 -0.62713103
802.00000000 -2.46772909 -0.41329566 -1.57266168 0.17647812 0.71728355 0.09960728 -0.66666196
808.00000000 -2.64901385 -0.29230044 -1.44888493 -0.14795473 -0.69222928 -0.12359570 0.69545102
815.00000000 -2.46414162 -0.39937807 -1.55428812 0.18986030 0.72060023 0.12230118 -0.65553856
817.00000000 -2.33933682 -0.45655545 -1.64972438 0.17262329 0.74886553 0.17487787 -0.61548302
819.00000000 -2.20745894 -0.53531344 -1.73778699 0.16524247 0.77082934 0.21553467 -0.57624809
822.00000000 -2.02512768 -0.60788322 -1.84325140 0.17504493 0.79302474 0.24323206 -0.53038589
824.00000000 -1.91768439 -0.61411228 -1.93542719 0.16240556 0.82227379 0.25122283 -0.48412532
824.00000000 -1.91816118 -0.61419317 -1.93600134 0.16210868 0.82278224 0.25111005 -0.48341898
826.00000000 -1.83777936 -0.60431213 -2.02785169 0.16130192 0.84011995 0.26642807 -0.44406784
829.00000000 -1.77676491 -0.56845080 -2.13202275 0.17817902 0.86856970 0.24764262 -0.39052791
833.00000000 -1.78826641 -0.46782748 -2.27517910 0.14094908 0.92326201 0.23996476 -0.26483490
837.00000000 -1.85143850 -0.38496129 -2.33703829 0.10930089 0.95808142 0.25120196 -0.08385041
842.00000000 -1.81963275 -0.39846941 -2.36239202 0.10497000 0.93406575 0.22424220 -0.25732842
844.00000000 -1.86633792 -0.40868402 -2.39170836 0.13660629 0.91043240 0.20745322 -0.33077897
851.00000000 -2.02269409 -0.36444548 -2.46192259 0.14610670 0.89646230 0.19856433 -0.36821243
861.00000000 -1.72786588 -0.50784400 -2.36805482 0.13093149 0.87879058 0.15623932 -0.43147809
861.00000000 -1.72861382 -0.50798292 -2.36892999 0.13071666 0.87924189 0.15612264 -0.43066526
872.00000000 -1.42022077 -0.60124832 -2.30036834 0.10567863 0.78159923 0.12708272 -0.60148538
875.00000000 -1.40308394 -0.62137563 -2.31802927 0.11833578 0.71068717 0.09288235 -0.68723595
880.00000000 -1.45841450 -0.66807371 -2.32555456 -0.11257183 -0.62851811 -0.08301357 0.76511523
883.00000000 -1.45241526 -0.68676475 -2.32036945 -0.12366783 -0.54339631 -0.06902341 0.82744335
887.00000000 -1.38798544 -0.72220521 -2.27010791 -0.11476992 -0.48720843 -0.03782194 0.86488456
890.00000000 -1.31953266 -0.72989227 -2.25171643 -0.12018382 -0.39309589 -0.04908142 0.91028703
893.00000000 -1.19763468 -0.73432060 -2.27820980 -0.12113995 -0.26590900 -0.03619360 0.95567125
897.00000000 -1.06237125 -0.73575963 -2.27450021 -0.11942081 -0.13370789 -0.02198739 0.98355347
897.00000000 -1.07032753 -0.73670628 -2.28229389 -0.11952195 -0.13383758 -0.02205494 0.98352203
901.00000000 -0.94694122 -0.74135007 -2.33251629 -0.11704875 -0.02791819 -0.01000547 0.99268326
906.00000000 -0.84074861 -0.76236445 -2.45345500 -0.12808728 0.08303096 -0.02754184 0.98789724
913.00000000 -0.73830122 -0.77067543 -2.64032655 -0.09643832 -0.07634160 0.01514270 0.99229144
918.00000000 -0.78573538 -0.77753771 -2.81186165 -0.09220259 -0.17855021 0.03963781 0.97879893
920.00000000 -0.83693169 -0.79888429 -2.90609340 -0.07682333 -0.30006523 0.06607650 0.94852144
922.00000000 -0.86472153 -0.81477008 -3.00324807 -0.05911583 -0.41594270 0.07171336 0.90462931
925.00000000 -0.91073316 -0.83528222 -3.09929431 -0.03978306 -0.50841826 0.05819284 0.85822012
928.00000000 -0.97278647 -0.85591821 -3.17149136 -0.03641116 -0.62041664 0.05868435 0.78122568
928.00000000 -0.98011403 -0.85713546 -3.17920520 -0.03645770 -0.62065031 0.05858629 0.78104524
930.00000000 -1.07286190 -0.86009430 -3.25481309 -0.02904843 -0.68666973 0.05130000 0.72457517
933.00000000 -1.20460057 -0.85956607 -3.34028816 0.03593462 0.75872496 -0.03289890 -0.64958663
935.00000000 -1.29414321 -0.85106815 -3.40648400 0.03510777 0.81695283 -0.02009549 -0.57528401
937.00000000 -1.40974801 -0.81569672 -3.50110946 0.03542325 0.86337597 -0.00699185 -0.50326757
945.00000000 -2.02706765 -0.76617879 -3.80893264 0.05480578 0.90686224 0.01368218 -0.41762423
955.00000000 -3.14126094 -0.72412364 -4.46569163 0.08121128 0.94844934 0.05273842 -0.30177348
960.00000000 -3.57404818 -0.68568858 -4.71120473 0.09248973 0.96513787 0.08670409 -0.22899115
968.00000000 -3.98880523 -0.84163751 -4.95011607 0.07172800 0.98107179 0.06144911 -0.16904805
968.00000000 -3.98880523 -0.84163751 -4.95011607 0.07172800 0.98107179 0.06144911 -0.16904805
971.00000000 -4.04129765 -0.92952259 -4.92315489 0.05624730 0.99464434 0.05902976 -0.06351672
973.00000000 -4.03022017 -0.97472060 -4.88525659 0.04821493 0.99825909 -0.03170153 -0.01221190
976.00000000 -4.04569509 -0.98612196 -4.88922426 0.04350173 0.99515810 0.05490227 0.06894708
978.00000000 -4.04980857 -0.93071885 -4.89754106 0.04953318 0.98744829 0.14388582 0.04229903
983.00000000 -3.98980220 -0.84672926 -4.87426778 0.06403895 0.98178852 0.10826171 -0.14237173
986.00000000 -3.96136414 -0.83219225 -4.87540319 0.05969248 0.96319189 0.07930727 -0.24981702
988.00000000 -3.99318244 -0.80277101 -4.84304100 0.06081418 0.92007103 0.06004704 -0.38231570
992.00000000 -4.13956289 -0.73113285 -4.80069439 0.04844476 0.87807909 0.04216494 -0.47418597
992.00000000 -4.13956290 -0.73113285 -4.80069440 0.04844477 0.87807909 0.04216494 -0.47418597
996.00000000 -4.37124762 -0.69561088 -4.82689653 0.04017676 0.83325719 0.06490182 -0.54759112
1010.00000000 -5.67137726 -0.63610957 -5.48522929 0.03969148 0.84864263 0.07684367 -0.52184798
1029.00000000 -7.68282821 -0.60568154 -6.65715186 0.04583338 0.81999431 0.05829784 -0.56754735
1040.00000000 -8.90863612 -0.59820863 -7.15512136 0.07703455 0.84940921 0.07115920 -0.51720986
1045.00000000 -9.36525172 -0.51951925 -7.36998392 0.10165923 0.92886493 0.10316147 -0.34092970
1047.00000000 -9.45496099 -0.50178479 -7.41679309 0.10221521 0.95159879 0.16187821 -0.24043136
1050.00000000 -9.47509544 -0.52398024 -7.64647818 0.06270193 0.96316030 0.24333512 -0.09580567
1059.00000000 -9.60863352 -0.62430247 -7.92121704 0.03723611 0.97928641 0.18053855 0.08377013
1059.00000000 -9.60863352 -0.62430247 -7.92121704 0.03723611 0.97928641 0.18053855 0.08377013
1061.00000000 -9.61845789 -0.73055032 -7.92397279 0.02488076 0.99087321 0.11439179 0.06682618
1067.00000000 -9.61897692 -1.07785128 -7.91956418 -0.03598723 0.99717224 0.02679452 0.06028683
1070.00000000 -9.60675429 -1.21077673 -7.93577077 -0.05826319 0.99677991 -0.00458462 0.05490164
1088.00000000 -9.46538619 -1.07584467 -7.64408563 -0.05506958 0.98232658 0.06991014 -0.16466451
1098.00000000 -9.43371682 -0.84821620 -7.59413160 0.00352704 0.95210695 0.10000343 -0.28892771
1104.00000000 -9.46481963 -0.72389686 -7.69262632 0.03117439 0.92362470 0.13526066 -0.35728158
1106.00000000 -9.51652609 -0.71056714 -7.74036139 0.01742878 0.90380498 0.12803906 -0.40796912
1108.00000000 -9.59262645 -0.70994878 -7.77646956 0.01666737 0.88243014 0.10647125 -0.45793352
1108.00000000 -9.59262646 -0.70994878 -7.77646957 0.01666737 0.88243014 0.10647125 -0.45793352
1116.00000000 -9.92886187 -0.71696769 -7.90409877 -0.01684670 0.85376624 0.07231535 -0.51533472
1128.00000000 -10.70951533 -0.75494713 -8.17051408 -0.01758493 0.78448827 0.05941644 -0.61704020
1140.00000000 -11.67940696 -0.80093787 -8.60200902 -0.03405824 0.78133024 0.11148934 -0.61313394
1145.00000000 -12.02335884 -0.83317659 -8.87274552 -0.01385483 0.87263207 0.14053069 -0.46751732
1147.00000000 -12.11593097 -0.82664876 -8.98476568 -0.05891136 0.92638367 0.17699648 -0.32713146
1149.00000000 -12.18075112 -0.80714379 -9.17253067 -0.08614768 0.95413874 0.22894479 -0.17257498
1152.00000000 -12.20863600 -0.81082850 -9.38354255 -0.09816605 0.97617738 0.18963421 -0.03847093
1156.00000000 -12.20650901 -0.82859526 -9.66211992 -0.11874285 0.97591379 0.14822228 0.10734322
1156.00000000 -12.20650902 -0.82859526 -9.66211993 -0.11874285 0.97591379 0.14822228 0.10734322
1172.00000000 -11.95316320 -0.78860275 -11.21713725 -0.07476719 0.98880866 0.12907345 -0.00271129
1177.00000000 -11.98318758 -0.76390198 -11.64217825 -0.01843085 0.97137186 0.17293921 -0.16183027
1193.00000000 -11.85791313 -0.75684553 -13.00100506 0.07862616 0.81953564 0.24232496 -0.51328148
1198.00000000 -11.89041009 -0.76729129 -13.39675595 0.14299557 0.73826942 0.20969946 -0.62492932
1204.00000000 -11.94902319 -0.81469222 -13.85078409 -0.18403909 -0.61216820 -0.17174709 0.74958831
1208.00000000 -12.09521979 -0.80162206 -13.94226682 -0.23886935 -0.48728744 -0.16608334 0.82335212
1213.00000000 -12.21568498 -0.84908649 -14.01199877 -0.32344233 -0.27251509 -0.09873871 0.90076148
1217.00000000 -12.33095399 -0.91673295 -14.10468564 -0.39669909 -0.07128121 -0.04059769 0.91427602
1217.00000000 -12.33095399 -0.91673295 -14.10468564 -0.39669909 -0.07128121 -0.04059769 0.91427602
1223.00000000 -12.39740516 -0.94767723 -14.19329527 -0.36008346 -0.20174620 -0.04993548 0.90947502
1225.00000000 -12.41237264 -0.97092651 -14.22341833 -0.30652566 -0.30062803 -0.04155277 0.90218522
1232.00000000 -12.34966725 -0.95542982 -14.21002909 -0.32258449 -0.15836573 -0.06262434 0.93109491
1234.00000000 -12.30747902 -0.94344425 -14.17791658 -0.31993440 0.01287593 -0.04982376 0.94604111
1235.00000000 -12.28495911 -0.94005749 -14.16027537 -0.29807315 0.13584272 -0.04561824 0.94372566
1241.00000000 -12.24078146 -0.94719105 -14.08682750 -0.21637160 0.07494738 -0.04554447 0.97236409
1251.00000000 -12.09037019 -0.93025686 -13.81495539 -0.13987810 -0.14374896 -0.07027935 0.97715463
1268.00000000 -11.80660695 -0.87741037 -13.11069613 -0.15180923 -0.16440010 0.02969659 0.97418924
1268.00000000 -11.80660696 -0.87741037 -13.11069613 -0.15180923 -0.16440010 0.02969659 0.97418924
1274.00000000 -11.75506270 -0.84825333 -12.73938899 -0.15530886 -0.02297937 0.03053312 0.98712655
1279.00000000 -11.83770358 -0.80400935 -12.35712214 -0.22228928 0.07143432 -0.01733575 0.97220578
1299.00000000 -12.17307548 -0.79295898 -10.46254267 -0.17712816 -0.05071713 -0.02850739 0.98246665
1302.00000000 -12.34848300 -0.79824132 -10.26172452 -0.16222523 -0.12577222 -0.04685244 0.97758333
1305.00000000 -12.54006030 -0.81909482 -10.08866967 -0.15042738 -0.21304336 -0.05231000 0.96397500
1309.00000000 -12.76247200 -0.84467806 -9.85758932 -0.11744770 -0.28299996 -0.04341529 0.95091123
1319.00000000 -13.31628423 -0.90120900 -9.08343935 -0.08752520 -0.43779839 -0.06130991 0.89269984
1323.00000000 -13.53447251 -0.90453945 -8.84692851 -0.10694982 -0.54201173 -0.02653572 0.83311516
1323.00000000 -13.53424834 -0.90453608 -8.84697916 -0.10679842 -0.54205619 -0.02635906 0.83311127
1326.00000000 -13.70082415 -0.89707759 -8.72118230 -0.12174070 -0.59416643 -0.10425587 0.78821074
1331.00000000 -13.91137381 -0.90108754 -8.56353738 -0.17457238 -0.64371985 -0.15920272 0.72787618
1335.00000000 -14.05020462 -0.88205256 -8.51575151 -0.24529493 -0.65722876 -0.23907311 0.67136041
1338.00000000 -14.10702182 -0.85242134 -8.52023266 0.30841517 0.64651246 0.29902100 -0.63046661
1343.00000000 -14.16955001 -0.87250572 -8.57283145 0.28152355 0.65596702 0.27393176 -0.64452552
1345.00000000 -14.18301433 -0.89238506 -8.57830712 -0.24395012 -0.66613067 -0.22497522 0.66794043
1349.00000000 -14.16266220 -0.87894088 -8.58633250 -0.26378614 -0.63687406 -0.26968902 0.67236607
1358.00000000 -13.95390300 -0.91021927 -8.62727485 -0.19376932 -0.62166438 -0.18686993 0.73557221
1358.00000000 -13.95372467 -0.91021677 -8.62731378 -0.19350110 -0.62173812 -0.18667437 0.73563015
1361.00000000 -13.88507475 -0.94456328 -8.58804600 -0.14822856 -0.60070496 -0.11427497 0.77725355
1362.00000000 -13.86321476 -0.95684891 -8.56694448 -0.11081784 -0.56177233 -0.10177131 0.81349484
1364.00000000 -13.82201806 -0.96470463 -8.51045065 -0.09296519 -0.50762068 -0.08410208 0.85241161
1366.00000000 -13.79418700 -0.96437362 -8.44902230 -0.09739417 -0.45662796 -0.06779418 0.88170813
1369.00000000 -13.80272098 -0.96010862 -8.33704524 -0.11096712 -0.40160096 -0.06911051 0.90643627
1371.00000000 -13.83726999 -0.97318247 -8.28154334 -0.11533022 -0.50384340 -0.04964647 0.85462038
1374.00000000 -13.86869204 -0.96628107 -8.15377914 -0.15049718 -0.47371473 -0.10261144 0.86163557
1375.00000000 -13.84322413 -0.96544382 -8.12860098 -0.15730539 -0.40446964 -0.11358738 0.89373219
1375.00000000 -13.84322413 -0.96544382 -8.12860098 -0.15730539 -0.40446964 -0.11358738 0.89373219
1376.00000000 -13.82007355 -0.95341499 -8.10184749 -0.21086155 -0.32658747 -0.11075715 0.91466436
1378.00000000 -13.79492126 -0.93117964 -8.05596369 -0.26272217 -0.24170163 -0.09481511 0.92928331
1380.00000000 -13.78563495 -0.93925891 -8.01080048 -0.16694495 -0.25623960 -0.03687288 0.95137324
1385.00000000 -13.69766319 -0.91007921 -7.75036674 -0.18757966 -0.19442371 -0.04234085 0.96188385
1388.00000000 -13.66703445 -0.85853135 -7.59349087 -0.21953806 -0.27000191 -0.10710854 0.93135910
1394.00000000 -13.63404818 -0.85749208 -7.18810617 -0.18280521 -0.23790270 -0.07760859 0.95076888
1404.00000000 -13.65519894 -0.85534559 -6.32487213 -0.15992911 -0.14624359 -0.06774184 0.97388220
1413.00000000 -13.71149533 -0.85608147 -5.42488004 -0.15780070 -0.03559754 -0.04276760 0.98590197
1413.00000000 -13.71149533 -0.85608147 -5.42488004 -0.15780070 -0.03559754 -0.04276760 0.98590197
1421.00000000 -13.70061928 -0.87821289 -4.63095149 -0.15867331 0.11310679 0.02091953 0.98060798
1428.00000000 -13.71086152 -0.90743693 -3.99822234 -0.13378307 0.23621260 -0.01296987 0.96236037
1435.00000000 -13.75227159 -0.92180544 -3.51578990 -0.12064404 0.41190564 -0.01872707 0.90301055
1440.00000000 -13.79442336 -0.93422131 -3.30998516 -0.12085149 0.55186142 -0.05087338 0.82356286
1447.00000000 -13.76949191 -0.94532275 -3.12553782 -0.08781736 0.66239860 -0.04985244 0.74231458
